0 9 16 16 9 55 9 9 9 15 16 15 10 9 15 15 16 16 16 9 16  
1 55 9 15 9 9 15 9 31 9 9 9 9 9 9 9 9 16 16 9 9  
2 55 55 55 56 55 9 24 9 24 9 16 9 15 9 55 16 55 16 16 10  
3 56 55 9 9 9 31 15 9 9 9 10 9 15 10 9 40 40 15 9 10  
4 56 9 9 15 9 9 9 9 9 15 15 15 9 10 15 10 9 9 48 10  
5 56 31 9 15 9 9 9 10 16 9 10 16 10 15 16 9 15 15 15 10  
6 56 48 10 32 9 9 9 16 15 10 9 15 24 15 15 10 15 10 10 55  
7 56 9 9 9 9 16 9 9 15 9 9 15 10 9 15 9 41 10 9 9  
8 56 9 9 15 9 9 9 9 9 9 9 9 9 9 56 9 56 16 15 16  
9 56 15 9 15 56 56 9 63 15 9 15 9 9 24 9 10 9 9 15 31  
10 63 10 16 10 9 9 108 10 15 15 15 16 105 15 9 55 97 9 9 56  
